7.820000000000000000e+02 8.020000000000000000e+02
8.420000000000000000e+02 8.540000000000000000e+02
6.580000000000000000e+02 8.140000000000000000e+02
7.500000000000000000e+02 7.230000000000000000e+02
6.830000000000000000e+02 7.020000000000000000e+02
9.180000000000000000e+02 7.340000000000000000e+02
1.098000000000000000e+03 7.280000000000000000e+02
1.252000000000000000e+03 7.220000000000000000e+02
1.278000000000000000e+03 7.760000000000000000e+02
1.392000000000000000e+03 6.570000000000000000e+02
1.316000000000000000e+03 6.060000000000000000e+02
1.203000000000000000e+03 5.390000000000000000e+02
1.241000000000000000e+03 5.850000000000000000e+02
1.171000000000000000e+03 5.650000000000000000e+02
1.111000000000000000e+03 5.680000000000000000e+02
1.178000000000000000e+03 5.870000000000000000e+02
1.109000000000000000e+03 5.880000000000000000e+02
7.670000000000000000e+02 4.740000000000000000e+02
7.430000000000000000e+02 4.850000000000000000e+02
6.860000000000000000e+02 5.010000000000000000e+02
7.350000000000000000e+02 5.040000000000000000e+02
8.380000000000000000e+02 5.180000000000000000e+02
7.010000000000000000e+02 5.130000000000000000e+02
5.120000000000000000e+02 5.790000000000000000e+02
4.760000000000000000e+02 6.050000000000000000e+02
7.360000000000000000e+02 5.740000000000000000e+02
