1.047000000000000000e+03 5.490000000000000000e+02
1.099000000000000000e+03 4.950000000000000000e+02
1.087000000000000000e+03 6.200000000000000000e+02
9.320000000000000000e+02 6.220000000000000000e+02
9.120000000000000000e+02 6.850000000000000000e+02
9.030000000000000000e+02 5.020000000000000000e+02
8.310000000000000000e+02 3.810000000000000000e+02
7.750000000000000000e+02 2.770000000000000000e+02
8.630000000000000000e+02 2.570000000000000000e+02
5.810000000000000000e+02 1.770000000000000000e+02
4.500000000000000000e+02 2.310000000000000000e+02
2.550000000000000000e+02 3.530000000000000000e+02
4.160000000000000000e+02 3.040000000000000000e+02
3.770000000000000000e+02 3.710000000000000000e+02
4.050000000000000000e+02 4.310000000000000000e+02
4.480000000000000000e+02 3.620000000000000000e+02
4.790000000000000000e+02 4.210000000000000000e+02
8.600000000000000000e+01 9.540000000000000000e+02
1.610000000000000000e+02 9.660000000000000000e+02
2.760000000000000000e+02 1.000000000000000000e+03
2.660000000000000000e+02 9.260000000000000000e+02
2.970000000000000000e+02 7.780000000000000000e+02
3.380000000000000000e+02 9.440000000000000000e+02
6.760000000000000000e+02 1.001000000000000000e+03
7.590000000000000000e+02 9.810000000000000000e+02
5.740000000000000000e+02 7.910000000000000000e+02
