6.240000000000000000e+02 5.390000000000000000e+02
6.020000000000000000e+02 5.200000000000000000e+02
2.740000000000000000e+02 5.980000000000000000e+02
1.180000000000000000e+02 6.900000000000000000e+02
5.100000000000000000e+01 7.380000000000000000e+02
8.000000000000000000e+01 7.680000000000000000e+02
2.310000000000000000e+02 9.460000000000000000e+02
6.030000000000000000e+02 1.132000000000000000e+03
7.820000000000000000e+02 1.002000000000000000e+03
4.260000000000000000e+02 9.150000000000000000e+02
5.140000000000000000e+02 8.620000000000000000e+02
5.870000000000000000e+02 8.150000000000000000e+02
1.104000000000000000e+03 6.130000000000000000e+02
7.670000000000000000e+02 5.710000000000000000e+02
7.080000000000000000e+02 5.620000000000000000e+02
