9.940000000000000000e+02 4.980000000000000000e+02
1.048000000000000000e+03 4.430000000000000000e+02
7.750000000000000000e+02 2.740000000000000000e+02
5.400000000000000000e+02 3.330000000000000000e+02
4.470000000000000000e+02 3.630000000000000000e+02
4.060000000000000000e+02 4.310000000000000000e+02
2.390000000000000000e+02 7.000000000000000000e+02
1.600000000000000000e+02 9.690000000000000000e+02
2.760000000000000000e+02 9.950000000000000000e+02
2.980000000000000000e+02 7.770000000000000000e+02
3.650000000000000000e+02 7.880000000000000000e+02
4.270000000000000000e+02 7.930000000000000000e+02
8.540000000000000000e+02 9.970000000000000000e+02
9.120000000000000000e+02 6.840000000000000000e+02
9.310000000000000000e+02 6.200000000000000000e+02
