3.790000000000000000e+02 6.670000000000000000e+02
3.880000000000000000e+02 6.920000000000000000e+02
3.150000000000000000e+02 7.280000000000000000e+02
4.290000000000000000e+02 7.110000000000000000e+02
3.480000000000000000e+02 7.460000000000000000e+02
5.300000000000000000e+02 6.940000000000000000e+02
5.780000000000000000e+02 7.430000000000000000e+02
5.040000000000000000e+02 8.460000000000000000e+02
6.260000000000000000e+02 8.060000000000000000e+02
8.890000000000000000e+02 7.200000000000000000e+02
1.024000000000000000e+03 7.110000000000000000e+02
1.040000000000000000e+03 6.720000000000000000e+02
1.175000000000000000e+03 6.860000000000000000e+02
1.149000000000000000e+03 6.590000000000000000e+02
1.168000000000000000e+03 6.220000000000000000e+02
1.096000000000000000e+03 4.930000000000000000e+02
1.052000000000000000e+03 4.910000000000000000e+02
1.005000000000000000e+03 5.350000000000000000e+02
1.000000000000000000e+03 5.080000000000000000e+02
9.880000000000000000e+02 4.970000000000000000e+02
7.610000000000000000e+02 5.050000000000000000e+02
6.970000000000000000e+02 5.320000000000000000e+02
6.330000000000000000e+02 5.350000000000000000e+02
