1.088000000000000000e+03 6.220000000000000000e+02
1.044000000000000000e+03 5.500000000000000000e+02
1.103000000000000000e+03 4.940000000000000000e+02
9.890000000000000000e+02 4.980000000000000000e+02
1.049000000000000000e+03 4.420000000000000000e+02
9.030000000000000000e+02 5.000000000000000000e+02
8.310000000000000000e+02 3.820000000000000000e+02
8.650000000000000000e+02 2.510000000000000000e+02
7.760000000000000000e+02 2.740000000000000000e+02
5.410000000000000000e+02 3.320000000000000000e+02
4.150000000000000000e+02 3.080000000000000000e+02
3.780000000000000000e+02 3.730000000000000000e+02
2.620000000000000000e+02 2.980000000000000000e+02
2.610000000000000000e+02 3.540000000000000000e+02
2.030000000000000000e+02 4.260000000000000000e+02
8.500000000000000000e+01 9.530000000000000000e+02
1.570000000000000000e+02 9.630000000000000000e+02
2.980000000000000000e+02 7.790000000000000000e+02
2.680000000000000000e+02 9.230000000000000000e+02
2.770000000000000000e+02 9.920000000000000000e+02
6.750000000000000000e+02 9.990000000000000000e+02
7.600000000000000000e+02 9.790000000000000000e+02
8.560000000000000000e+02 9.990000000000000000e+02
